time,x,y,z,phi,theta,psi,x_velocity,y_velocity,z_velocity,phi_velocity,theta_velocity,psi_velocity,rotor_speed1,rotor_speed2,rotor_speed3,rotor_speed4
0.06,1.18682041869e-09,0.0059995871349,7.01773877772,6.2831764654,6.28318393412,0.0,1.18818323874e-07,0.0999857295382,0.39124597803,-0.000443757677268,-6.86966547854e-05,0.0,465.2854383920411,465.2800616194394,464.7634997939538,464.72872747888744
0.12000000000000001,-5.94603082941e-07,0.0119980605945,7.05022602813,6.28271655927,0.000428285256487,0.0,-5.18465099005e-05,0.0999401909077,0.691529456723,-0.0288164120503,0.0186888323869,0.0,496.0852341954273,497.46036374582945,497.47048832822816,495.38898209781166
0.18,-1.77314237031e-05,0.0179774500738,7.0950071296,6.28072971736,0.00097714895379,0.0,-0.000624863764208,0.0991825215096,0.801102895544,-0.0435052381964,-0.0284608730709,0.0,442.80355452596245,438.9082458155196,440.61813982625813,439.4017884229165
0.23999999999999996,-6.74525754344e-05,0.0238761588496,7.14341550398,6.27897924008,6.28279850775,0.0,-0.00089771155176,0.0972556791123,0.812501086005,-0.00991847805631,-0.0132141061145,0.0,407.990023800438,409.34874146631887,406.81233496621564,409.8077453253017
0.3,-0.000110784624452,0.0296228979084,7.19491959842,6.27818655279,6.28233777952,0.0,-0.000485391992403,0.0942337245162,0.904233300701,-0.0207803636415,0.00157044425247,0.0,434.45780081957514,435.69557189486176,435.2933929402256,434.38370493549724
0.36000000000000004,-0.000121021458263,0.0351575394489,7.25425006405,6.27676379198,6.28241367721,0.0,0.00013449075875,0.090106204563,1.07330458399,-0.0303377511348,0.000646835747327,0.0,459.28785108239447,459.21457413572807,459.39952147181634,458.6411090492118
0.4200000000000001,-9.59286250642e-05,0.0404151617256,7.32313027308,6.27577383199,6.28223157749,0.0,0.000708271646913,0.0850050911408,1.22255365992,0.00229929487433,-0.011661661502,0.0,453.63573105596487,452.64645550887036,452.38991870588285,455.0099489089585
0.48000000000000015,-3.17603687668e-05,0.0453558283974,7.40038282195,6.27581728453,6.2825880634,0.0,0.00143482767119,0.0796949019733,1.35238661184,-0.00262860885755,0.0280239359866,0.0,445.76576555740115,448.9967075899368,448.33745349461384,447.9369182837107
0.5400000000000001,6.12437265369e-05,0.0499610433356,7.48767217125,6.27556098621,0.000883561055992,0.0,0.00147828826531,0.0737902424789,1.55700236724,-0.00777894611813,0.0169761445765,0.0,471.0117425099155,470.15669990340547,471.0296133072088,470.6312666680935
0.6000000000000002,0.000126268545103,0.0542172337195,7.58559208287,6.27497519832,0.00161541960314,0.0,0.000591187741534,0.0680273374479,1.7067826351,-0.0140603248265,0.000332225076765,0.0,455.51623733082056,454.1833128465123,454.96425692093914,454.4612252786366
0.6600000000000003,0.000121070282344,0.0580891523561,7.69536696857,6.27403086101,0.00118226483299,0.0,-0.000747791812009,0.0609298564916,1.95199404044,-0.0193272360641,-0.0299786687347,0.0,484.68158554398326,482.3984062061194,483.70046067170495,483.3038018793587
0.7200000000000003,5.67055952359e-05,0.0615335448139,7.81738542401,6.27305222423,6.28285824541,0.0,-0.0012149146325,0.0537676735304,2.11499987507,-0.0108732444655,-0.0169292227763,0.0,459.17100304412133,460.20489870420687,460.150044183093,460.8188508360447
0.7800000000000004,-3.46739306568e-06,0.0645078561945,7.95118826588,6.27266259443,6.28152472795,0.0,-0.000652356633429,0.0453190185816,2.34465250262,0.00107551606658,-0.0357761001284,0.0,481.38063266791744,479.9523918358337,479.70817671829604,480.6147047564905
0.8400000000000004,8.07063927981e-06,0.0669679303745,8.0988331992,6.2726651213,6.27900176303,0.0,0.00131397264403,0.0366929834374,2.57635240828,-0.00210941903957,-0.0591407504452,0.0,482.41558969543047,480.6472368162439,482.40774107111804,482.1671953123562
0.9000000000000005,0.000190929329577,0.0689428587896,8.25722936481,6.27240437791,6.27517895235,0.0,0.00516819177769,0.0291211324442,2.70322625818,-0.00924260786272,-0.0749320064054,0.0,452.2288659947427,450.95212652868724,451.990132177626,451.41497862386115
0.9600000000000005,0.000660010297717,0.0704939651233,8.41980973574,6.27222499425,6.27116182986,0.0,0.0108436948174,0.0225522274537,2.71608501744,0.00724991726887,-0.0544836463119,0.0,415.014148046138,416.8012177512781,414.6633529472078,416.1096957079397
1.0200000000000005,0.00155421036335,0.0716370658468,8.58440556626,6.27234999723,6.26791856104,0.0,0.0192713522668,0.015582051116,2.77030878665,-0.0110372996693,-0.0532099988207,0.0,429.27195003496286,429.37796211268005,430.19176777580844,428.6404767043408
1.0800000000000005,0.00306490365043,0.0723281557432,8.75532377584,6.272505405,6.26426542585,0.0,0.031447614409,0.00744024722043,2.92657178785,0.0211906637961,-0.0842624687765,0.0,462.43034026061736,459.9749162197034,460.7070951116666,463.248235290695
1.1400000000000006,0.00539023579108,0.0725438424892,8.93533601758,6.27362384498,6.25896803422,0.0,0.0466178773213,-0.000115677978014,3.07344249945,0.0129791405979,-0.0978846889939,0.0,459.28624202775467,458.19824501537437,460.7199958684441,460.0702285827079
1.2000000000000006,0.00870619781327,0.0723436083781,9.12260215421,6.27435235636,6.25344710791,0.0,0.06448235,-0.00647976952226,3.16848836755,0.0104124128058,-0.0823068098029,0.0,444.1139606128319,445.3826115747691,444.17332925806227,443.96265626421257
1.2600000000000007,0.0131165297411,0.071800823357,9.31270806386,6.27476156864,6.24824844202,0.0,0.0829690032592,-0.0115667717803,3.16836084804,-0.00155868864937,-0.0971484784377,0.0,414.7386046812273,413.42600296985444,414.5748676174906,413.52155842886884
1.3200000000000007,0.0189653023086,0.0709032256419,9.50931635585,6.27498086748,6.24244884789,0.0,0.112660641138,-0.0183382871123,3.38460714778,0.0124480522245,-0.0957009480125,0.0,481.9806777118723,482.08288356530903,480.5563064017343,481.6168237006447
1.3800000000000008,0.0266437778343,0.0696257092935,9.71670527977,6.27573735495,6.23675238649,0.0,0.143890168699,-0.0241604019339,3.52789711718,0.0129263572637,-0.0934639945827,0.0,460.42346628195384,460.59309894159514,461.9760464566646,462.0136330831688
1.4400000000000008,0.0364051296024,0.0680025097805,9.93446934195,6.27626388398,6.23135888813,0.0,0.182100862672,-0.029863152617,3.73023234214,-0.00118620531706,-0.083567721249,0.0,478.6991992464165,479.4455303384733,480.92063237041253,479.8503608050532
1.5000000000000009,0.0486189371197,0.066041460894,10.1650175303,6.27600228141,6.22654904314,0.0,0.225576044332,-0.0355186161499,3.95392324803,-0.0116143392833,-0.0741066365609,0.0,486.5151507917466,487.21844960007985,488.01055128458535,487.23158642311546
1.560000000000001,0.0634025108471,0.0637517523535,10.4063154889,6.27552576903,6.222465492,0.0,0.267636637875,-0.0408632317181,4.08883454946,-0.00145661382801,-0.0581038728711,0.0,461.72225910671693,462.97973918658965,462.5752740102042,463.37464623737435
1.620000000000001,0.0807068314944,0.0611441966213,10.6542749037,6.27538756662,6.2193304231,0.0,0.309483246482,-0.046063897159,4.17613465651,-0.00405320634344,-0.0425624204287,0.0,448.076758726855,449.33671913131013,449.57711373526763,449.36670800656856
1.680000000000001,0.100455674683,0.058236564784,10.905509523,6.27499661453,6.21621936097,0.0,0.349046785682,-0.0508845568353,4.19824586544,-0.0119626909765,-0.0865134018375,0.0,431.2851172643624,427.553947744376,428.9657302592388,428.2935836179782
1.740000000000001,0.122784172367,0.0550138825587,11.1601157755,6.2740839252,6.21078689783,0.0,0.395744575398,-0.0566159522389,4.28824547488,-0.0226628917031,-0.100136381705,0.0,450.6558154356294,449.5463503643614,452.1260267564239,451.2631324069934
1.8000000000000012,0.148135396261,0.051412791561,11.4215736958,6.27268963826,6.20494525394,0.0,0.4498926623,-0.0635630180153,4.42642802081,-0.024413987832,-0.0923222921514,0.0,465.8192025239001,466.4222507444202,466.809343217675,466.672647239157
1.8600000000000012,0.176748294115,0.0473799291468,11.6898921265,6.27164115256,6.19933950633,0.0,0.504400408649,-0.070984889817,4.51710007411,-0.00632415745157,-0.0957383605268,0.0,453.4975480922373,453.2158419758746,452.2181739711005,453.67317993307097
1.9200000000000013,0.208741536629,0.0428846710012,11.9635869061,6.27117259397,6.19387958015,0.0,0.562568117626,-0.0788944957162,4.60563533125,-0.0109586808053,-0.082899410195,0.0,453.9930064249171,455.01526902838685,452.41792989143386,452.044699611832
1.9800000000000013,0.244212769171,0.037920832676,12.2412554962,6.27080214159,6.18875771049,0.0,0.620258592834,-0.0866106989568,4.64973759535,0.00199641459711,-0.0908130047706,0.0,441.02722292119176,440.3669372256658,439.3490463188476,440.42207539210824
2.0400000000000014,0.283275154207,0.0324864552858,12.5218872076,6.27166329347,6.18317872928,0.0,0.682319381132,-0.0944779041849,4.70435080818,0.0317080224657,-0.0977168539609,0.0,444.7429816398133,444.16975852860696,442.6567120154044,445.0952453501029
2.1000000000000014,0.326086312189,0.0266112778473,12.8049670759,6.27351065772,6.17776357008,0.0,0.745213269625,-0.101188414032,4.73145129852,0.028886151793,-0.0784325625311,0.0,435.02823404641083,436.633018158995,436.3369286004681,436.1015934030136
2.1600000000000015,0.372372475812,0.0204019215586,13.0859656288,6.2755456107,6.17304540816,0.0,0.798038083335,-0.105654837567,4.63549872875,0.0424420773649,-0.0790458536192,0.0,395.2405056831442,395.17818680156245,393.6815504502698,394.93468522894733
2.2200000000000015,0.42248381527,0.0139206758057,13.3664669279,6.27929692306,6.16860528527,0.0,0.872746699925,-0.110057333636,4.71413633244,0.0864962224629,-0.0654581457795,0.0,451.71059802691957,452.80089034248743,450.1556619445695,453.70927605809817
2.2800000000000016,0.477202161071,0.00725744869059,13.6520172632,0.00152343185101,6.16459831954,0.0,0.951541724506,-0.11151687166,4.80374909797,0.0967221293758,-0.0695716286902,0.0,456.3067969837907,455.9750532843107,456.1381841893215,456.960707333069
2.3400000000000016,0.536715255809,0.000618447867214,13.942817553,0.00743461476802,6.16017885473,0.0,1.0325987478,-0.109201060761,4.88913359374,0.101889662763,-0.0834237756349,0.0,457.5535669635381,456.44514683280624,454.79082934110704,455.2126622141497
2.4000000000000017,0.601024536487,-0.00577175708646,14.2374653273,0.0139191249758,6.15571081562,0.0,1.11144543604,-0.10321860296,4.93216658765,0.118215640151,-0.0608206862997,0.0,442.54968105451275,444.4019509217098,443.2534622652404,444.60343922740356
2.4600000000000017,0.670023871413,-0.0116916062229,14.5337570313,0.0210635150781,6.15173595265,0.0,1.18884505426,-0.0934805393419,4.9440729346,0.120733756603,-0.0802367282611,0.0,434.90745327635943,433.27437106359304,434.41783486117504,434.642067087583
2.520000000000002,0.74346733501,-0.016944529831,14.8287012177,0.0282178061878,6.14706277946,0.0,1.25965891927,-0.0810476279623,4.88753622055,0.11606871528,-0.0735594525398,0.0,411.47709237246806,412.0625122855111,412.0516836920298,411.6530229188077
2.580000000000002,0.822150920822,-0.0211415628194,15.1269268016,0.0349564196084,6.14204969145,0.0,1.36349985116,-0.0581147969715,5.05243825173,0.103480188208,-0.13106539264,0.0,484.2497780033798,479.8971902670315,481.6612853593718,480.7182667824674
2.640000000000002,0.907360113835,-0.0237712903692,15.4362079696,0.041231460643,6.13511028947,0.0,1.47750522289,-0.028853396785,5.2557738467,0.106703318548,-0.0954390960183,0.0,493.970951948363,496.58025529887254,493.7566560208223,494.00274908820364
2.700000000000002,0.998826301115,-0.0247044252965,15.7527606083,0.0473542571754,6.13019961134,0.0,1.57179865199,-0.00168146609543,5.29561831012,0.0905739057394,-0.0632853890975,0.0,446.6011208643949,449.21060663649894,448.1115595852147,446.8071058430755
2.760000000000002,1.09595016983,-0.0239215548688,16.0711502641,0.0529732815216,6.12656354872,0.0,1.66595002224,0.0282657438072,5.31711428257,0.0991817097041,-0.055712516873,0.0,442.58331992838504,443.2036324652176,441.90310310168513,442.61964342312046
2.820000000000002,1.19811695871,-0.0214652718214,16.3866143056,0.0588579684774,6.12307722867,0.0,1.73990032588,0.0540475095171,5.19878101149,0.0957760617725,-0.0633784863234,0.0,396.6028913847005,395.8952003476456,395.39358487414927,395.0891960149462
2.880000000000002,1.30577532648,-0.0170072410684,16.7011782711,0.0648008717279,6.11943355986,0.0,1.8489759928,0.0951056637095,5.28608627453,0.10489527004,-0.0558953385454,0.0,462.89816559002514,463.4842762672748,462.3582776095124,463.08425407371044
2.940000000000002,1.41977968977,-0.0100694968683,17.0193644358,0.0708779182183,6.11592250066,0.0,1.95141292854,0.136703812001,5.31977367435,0.0928614734379,-0.0643564500902,0.0,447.43410707036134,446.74222626990553,448.2754706145362,447.3051015015477
3.000000000000002,1.53956120243,-0.000707482468029,17.3370261221,0.0761549469885,6.11258547601,0.0,2.04158010086,0.175805986883,5.26901668643,0.0756748578732,-0.0422258492582,0.0,420.3164547030406,422.2279685515824,420.4032826918578,418.9179781136106
3.0600000000000023,1.6648449033,0.011104523029,17.6519105064,0.0810389421808,6.1102042642,0.0,2.13472092125,0.218317936038,5.22716841325,0.0909095303166,-0.0350404116338,0.0,421.85764098537464,422.4768556414239,423.79054901196486,425.10387931665605
3.1200000000000023,1.79640254252,0.0258564088528,17.9680029134,0.0863842870155,6.10781180034,0.0,2.25062365104,0.273904821356,5.30866252613,0.0851769936295,-0.0519112597575,0.0,462.79608032923795,461.4652313048742,464.04341692207447,463.599371531276
3.1800000000000024,1.93506099217,0.0441006424004,18.2895496375,0.0917554065582,6.10509283056,0.0,2.37146614321,0.334715140554,5.40884893994,0.0970264121742,-0.034620890072,0.0,469.2949855142896,470.63422446259835,469.431148737504,470.3560421078983
3.2400000000000024,2.08085407156,0.0660246705502,18.6162084609,0.0976751761108,6.10280558643,0.0,2.48837886237,0.396612252839,5.47921137345,0.101747455759,-0.0462444009762,0.0,462.23011802719026,461.3123637225276,462.4960713021949,462.87575005050263
3.3000000000000025,2.23330627137,0.0915682523418,18.9449295853,0.104117481049,6.0999576345,0.0,2.59353147125,0.455372270183,5.47793533862,0.116738896065,-0.0500272101683,0.0,441.01410862066814,440.70010106903464,439.9641143738047,441.21393520547934
3.3600000000000025,2.39181509839,0.120587210665,19.2719858261,0.111356411146,6.09668643681,0.0,2.69031472266,0.512501837452,5.42396939659,0.127497167564,-0.0654951373846,0.0,423.66898757020755,422.3344442270542,424.035451764617,424.97262916207654
3.4200000000000026,2.556617786,0.153414282381,19.5981044168,0.119411725166,6.09309611214,0.0,2.80334061236,0.58240944235,5.44623451532,0.145158975736,-0.0504233993652,0.0,448.52072176559034,449.74078332123725,447.82040391091437,449.27123971378376
3.4800000000000026,2.72809493473,0.190486055963,19.9247135013,0.127929266643,6.09005801585,0.0,2.91273904911,0.654039212467,5.44046234549,0.134646362203,-0.0510612545014,0.0,441.18864875748017,441.1343247482703,440.5937025936433,439.7424402542767
3.5400000000000027,2.90643499226,0.232171468748,20.2522549712,0.135655467133,6.0871197556,0.0,3.03206975063,0.736155631586,5.47707217026,0.113198907738,-0.0450890873988,0.0,454.10283527180695,454.58031060621596,456.3225724229945,454.62139954751603
3.6000000000000028,3.09172949058,0.278755259429,20.5807406598,0.143095632606,6.08426681727,0.0,3.14455128361,0.817229446375,5.47216063614,0.139727950346,-0.0529867753961,0.0,442.36000713538596,441.7076472900516,442.14695760179995,444.34119904049686
3.660000000000003,3.28492621178,0.331132314306,20.9143659489,0.151275642081,6.0811284802,0.0,3.29539186232,0.929431863099,5.64733163298,0.128502860123,-0.0509774361548,0.0,497.82204302690434,497.967621110836,499.80992244666515,499.00589204065847
3.720000000000003,3.48632636729,0.389754770529,21.2541109963,0.158837231156,6.07774063936,0.0,3.4180836208,1.02527962664,5.67695177228,0.120552427364,-0.0706600944023,0.0,457.86052987552694,456.28936591280666,457.7190097286706,457.099653317021
3.780000000000003,3.69489290816,0.45407635304,21.594434127,0.16561141978,6.07387156093,0.0,3.53436569404,1.11933493242,5.66679344883,0.0896806301415,-0.054354602122,0.0,444.7666711828192,446.0972679778019,447.1482653313018,444.6364252764637
3.840000000000003,3.90990205988,0.523696932775,21.9314176054,0.171855256012,6.07029203348,0.0,3.63283515605,1.20181723008,5.56617748872,0.123359915961,-0.0732307400505,0.0,416.91332154196544,415.2574407914666,414.1413871365397,417.1036058986184
3.900000000000003,4.13148794843,0.598859546366,22.2651947647,0.179394584208,6.06572863788,0.0,3.75361408547,1.30418458217,5.55929233096,0.129887084178,-0.0824063121776,0.0,448.30896292911854,447.5580705164774,446.206658181029,446.75356869835326
3.960000000000003,4.36082286717,0.68064915923,22.6004694096,0.186900089769,6.06250418856,0.0,3.89102159761,1.42273515738,5.61570921589,0.113188743567,-0.0244341853217,0.0,467.19129537619744,471.6877553500597,467.95676246791345,466.66808177365016
4.020000000000002,4.59818291382,0.76947983459,22.9379876822,0.193176588173,6.06083246849,0.0,4.02092229944,1.53879626071,5.63437597048,0.0758478998419,-0.0357913324743,0.0,458.32366865381994,457.4197297548501,459.7256387680853,456.7652126733455
